0 0
1 0
2 0
3 0
4 0
5 0
6 0
7 0
8 0
9 0
10 0
11 0
12 0
13 0
14 0
15 0
16 0
17 0
18 0
19 0
20 0
21 0
22 0
23 0
24 0
25 0
26 0
27 0
28 0
29 0
30 0
31 0
32 0
33 0
34 0
35 0
36 0
37 0
38 0
39 0
40 0
41 0
42 0
43 0
44 0
45 0
46 0
47 0
48 0
49 0
50 0
51 0
52 0
53 0
54 0
55 0
56 0
57 0
58 0
59 0
60 0
61 0
62 0
63 0
64 0
65 0
66 0
67 0
68 1
69 0
70 0
71 0
72 0
73 0
74 0
75 0
76 0
77 0
78 0
79 0
80 0
81 0
82 0
83 0
84 0
85 0
86 0
87 0
88 0
89 0
90 0
91 0
92 0
93 0
94 0
95 0
96 0
97 0
98 1
99 0
100 0
101 0
102 0
103 1
104 1
105 0
106 0
107 1
108 0
109 0
110 0
111 0
112 0
113 0
114 0
115 0
116 0
117 1
118 2
119 0
120 1
121 1
122 0
123 0
124 0
125 0
126 1
127 1
128 0
129 1
130 0
131 0
132 0
133 0
134 0
135 0
136 0
137 1
138 0
139 0
140 0
141 1
142 0
143 2
144 0
145 1
146 0
147 0
148 0
149 0
150 1
151 0
152 0
153 0
154 0
155 2
156 0
157 1
158 0
159 0
160 3
161 0
162 0
163 0
164 0
165 1
166 2
167 1
168 2
169 1
170 0
171 0
172 3
173 0
174 0
175 1
176 1
177 0
178 2
179 1
180 1
181 2
182 1
183 0
184 2
185 1
186 2
187 1
188 1
189 1
190 3
191 1
192 0
193 1
194 2
195 3
196 0
197 1
198 0
199 2
200 1
201 2
202 4
203 1
204 0
205 2
206 0
207 1
208 1
209 0
210 0
211 3
212 1
213 1
214 1
215 1
216 1
217 1
218 0
219 3
220 2
221 0
222 3
223 0
224 0
225 1
226 3
227 1
228 1
229 3
230 0
231 2
232 5
233 5
234 2
235 0
236 0
237 2
238 0
239 3
240 3
241 2
242 5
243 0
244 3
245 0
246 2
247 4
248 1
249 2
250 5
251 2
252 2
253 1
254 1
255 2
256 1
257 2
258 5
259 2
260 2
261 1
262 2
263 2
264 2
265 4
266 2
267 1
268 1
269 4
270 0
271 3
272 1
273 1
274 4
275 3
276 3
277 2
278 2
279 2
280 2
281 2
282 7
283 6
284 3
285 6
286 4
287 2
288 2
289 5
290 1
291 4
292 1
293 4
294 2
295 0
296 0
297 1
298 2
299 4
300 2
301 3
302 4
303 2
304 2
305 4
306 2
307 2
308 4
309 3
310 4
311 5
312 6
313 0
314 2
315 5
316 5
317 1
318 4
319 3
320 5
321 3
322 1
323 5
324 3
325 2
326 3
327 1
328 1
329 5
330 5
331 3
332 4
333 0
334 4
335 2
336 5
337 4
338 1
339 1
340 2
341 2
342 1
343 2
344 2
345 0
346 6
347 4
348 1
349 2
350 0
351 1
352 8
353 3
354 2
355 5
356 5
357 8
358 1
359 4
360 1
361 2
362 0
363 2
364 3
365 4
366 4
367 3
368 3
369 2
370 2
371 2
372 1
373 2
374 2
375 2
376 3
377 1
378 0
379 4
380 3
381 3
382 2
383 2
384 2
385 0
386 2
387 6
388 2
389 1
390 2
391 1
392 3
393 2
394 3
395 1
396 1
397 2
398 2
399 2
400 0
401 1
402 0
403 4
404 2
405 2
406 5
407 2
408 0
409 2
410 2
411 4
412 3
413 3
414 6
415 2
416 1
417 0
418 3
419 3
420 3
421 0
422 0
423 6
424 2
425 2
426 3
427 1
428 1
429 2
430 1
431 1
432 7
433 1
434 1
435 4
436 3
437 1
438 3
439 2
440 2
441 4
442 2
443 0
444 3
445 2
446 0
447 2
448 5
449 6
450 3
451 3
452 3
453 2
454 4
455 1
456 3
457 1
458 0
459 0
460 2
461 5
462 4
463 4
464 3
465 6
466 2
467 1
468 1
469 2
470 2
471 4
472 0
473 1
474 4
475 2
476 2
477 5
478 1
479 4
480 2
481 1
482 1
483 4
484 3
485 3
486 2
487 1
488 2
489 1
490 4
491 2
492 1
493 1
494 6
495 0
496 1
497 4
498 2
499 1
500 4
501 4
502 5
503 3
504 4
505 2
506 1
507 5
508 4
509 0
510 1
511 1
512 0
513 2
514 1
515 2
516 1
517 0
518 0
519 3
520 3
521 0
522 3
523 3
524 0
525 1
526 5
527 3
528 0
529 4
530 3
531 6
532 2
533 1
534 1
535 3
536 0
537 4
538 2
539 1
540 2
541 2
542 3
543 3
544 2
545 5
546 2
547 4
548 1
549 3
550 2
551 3
552 2
553 2
554 2
555 5
556 2
557 1
558 4
559 5
560 3
561 4
562 1
563 2
564 2
565 0
566 5
567 3
568 1
569 1
570 4
571 1
572 2
573 0
574 1
575 0
576 0
577 1
578 4
579 0
580 0
581 0
582 0
583 1
584 2
585 1
586 0
587 4
588 0
589 1
590 0
591 0
592 1
593 1
594 1
595 1
596 0
597 1
598 2
599 0
600 2
601 0
602 1
603 0
604 0
605 2
606 1
607 2
608 0
609 1
610 2
611 0
612 0
613 2
614 0
615 1
616 3
617 0
618 1
619 1
620 2
621 0
622 2
623 0
624 0
625 1
626 0
627 0
628 0
629 1
630 0
631 0
632 0
633 0
634 1
635 0
636 1
637 0
638 0
639 0
640 1
641 0
642 3
643 1
644 0
645 0
646 1
647 0
648 0
649 0
650 0
651 0
652 0
653 0
654 0
655 1
656 0
657 0
658 1
659 0
660 0
661 0
662 1
663 2
664 0
665 0
666 1
667 0
668 0
669 0
670 0
671 0
672 0
673 0
674 1
675 1
676 0
677 0
678 0
679 0
680 0
681 0
682 0
683 0
684 0
685 0
686 0
687 1
688 0
689 0
690 0
691 0
692 0
693 0
694 0
695 0
696 0
697 0
698 0
699 0
700 0
701 0
702 0
703 0
704 0
705 0
706 0
707 0
708 0
709 0
710 0
711 0
712 0
713 0
714 0
715 0
716 0
717 0
718 0
719 0
720 0
721 0
722 0
723 0
724 0
725 0
726 0
727 0
728 0
729 0
730 0
731 0
732 0
733 0
734 0
735 0
736 0
737 0
738 0
739 0
740 0
741 0
742 0
743 0
744 0
745 0
746 0
747 0
748 0
749 0
750 0
751 0
752 0
753 0
754 0
755 0
756 0
757 0
758 0
759 0
760 0
761 0
762 0
763 0
764 0
765 0
766 0
767 0
768 0
769 0
770 0
771 0
772 0
773 0
774 0
775 0
776 0
777 0
778 0
779 0
780 0
781 0
782 0
783 0
784 0
785 0
786 0
787 0
788 0
789 0
790 0
791 0
792 0
793 0
794 0
795 0
796 0
797 0
798 0
799 0
800 0
801 0
802 0
803 0
804 0
805 0
806 0
807 0
808 0
809 0
810 0
811 0
812 0
813 0
814 0
815 0
816 0
817 0
818 0
819 0
820 0
821 0
822 0
823 0
824 0
825 0
826 0
827 0
828 0
829 0
830 0
831 0
832 0
833 0
834 0
835 0
836 0
837 0
838 0
839 0
840 0
841 0
842 0
843 0
844 0
845 0
846 0
847 0
848 0
849 0
850 0
851 0
852 0
853 0
854 0
855 0
856 0
857 0
858 0
859 0
860 0
861 0
862 0
863 0
864 0
865 0
866 0
867 0
868 0
869 0
870 0
871 0
872 0
873 0
874 0
875 0
876 0
877 0
878 0
879 0
880 0
881 0
882 0
883 0
884 0
885 0
886 0
887 0
888 0
889 0
890 0
891 0
892 0
893 0
894 0
895 0
896 0
897 0
898 0
899 0
900 0
901 0
902 0
903 0
904 0
905 0
906 0
907 0
908 0
909 0
910 0
911 0
912 0
913 0
914 0
915 0
916 0
917 0
918 0
919 0
920 0
921 0
922 0
923 0
924 0
925 0
926 0
927 0
928 0
929 0
930 0
931 0
932 1
933 0
934 1
935 0
936 0
937 0
938 1
939 2
940 1
941 1
942 3
943 2
944 0
945 1
946 1
947 0
948 0
949 1
950 3
951 0
952 0
953 0
954 0
955 0
956 0
957 0
958 0
959 0
960 0
961 0
962 0
963 0
964 0
965 0
966 0
967 0
968 0
969 0
970 0
971 0
972 0
973 0
974 0
975 0
976 0
977 0
978 0
979 0
980 0
981 0
982 0
983 1
984 0
985 0
986 1
987 0
988 0
989 0
990 1
991 2
992 0
993 1
994 2
995 1
996 1
997 0
998 0
999 0
